1 132
755 459
533 219
56 65
552 230
420 147
709 414
813 506
579 199
11 105
585 170
2 129
23 4
713 446
810 508
583 233
693 597
720 444
743 567
15 161
508 231
742 250
522 173
872 525
740 570
25 115
786 378
544 272
559 315
482 86
89 175
792 364
20 140
571 255
504 260
566 276
33 85
25 171
528 197
800 460
554 253
16 153
746 467
51 256
714 423
674 498
730 481
787 507
499 141
576 137
770 559
769 447
538 129
556 130
109 219
616 201
10 160
568 295
739 415
788 504
769 466
403 226
55 111
481 276
537 241
724 420
452 294
504 160
692 479
710 469
529 212
68 178
770 501
831 453
69 106
535 371
610 203
564 210
837 486
289 276
674 444
692 295
756 541
559 207
352 165
794 352
64 30
536 215
786 459
84 54
58 161
551 206
550 197
811 480
410 381
797 511
776 444
572 210
761 456
553 310
677 456
763 491
720 525
830 452
490 219
576 252
537 231
782 471
732 442
726 488
722 507
6 80
582 215
22 116
564 234
710 606
802 386
788 454
61 181
893 430
548 155
576 279
545 339
758 356
399 192
74 140
662 279
0 110
731 450
538 255
710 393
767 475
765 381
29 81
674 505
406 68
529 251
824 251
478 183
487 225
750 561
486 212
3 143
874 459
762 412
532 236
106 223
78 223
469 188
38 126
679 379
754 444
740 502
678 309
643 198
504 241
47 48
583 139
632 228
721 414
83 131
776 401
603 289
503 216
584 225
632 271
543 59
523 257
548 209
529 215
27 153
466 234
707 508
731 551
821 475
817 539
553 188
698 548
651 188
71 119
514 230
581 175
4 166
685 593
802 516
849 443
770 427
551 224
7 72
723 143
544 304
740 446
717 512
741 399
1 119
28 117
794 528
738 472
2 40
578 291
594 200
412 223
672 392
724 310
485 197
524 203
500 285
39 139
748 451
18 141
81 189
494 226
559 345
579 247
71 106
766 485
622 122
509 257
884 521
0 134
9 132
564 316
735 509
589 177
50 74
138 127
660 34
52 110
830 353
768 423
470 270
540 287
792 410
743 450
550 167
701 456
391 310
596 210
105 50
543 204
713 497
767 466
854 458
28 139
746 441
463 177
746 426
739 461
710 499
11 188
425 323
693 244
524 181
445 173
88 243
81 79
699 420
825 450
666 529
5 161
729 427
18 2
579 175
22 124
861 414
508 310
737 447
97 3
817 465
467 215
50 312
81 145
40 101
523 188
508 175
621 142
742 472
719 496
814 399
521 137
551 196
453 210
540 75
490 256
413 439
583 308
777 452
725 182
527 277
553 39
754 461
1 37
701 168
132 305
57 216
822 492
651 395
515 322
574 183
766 558
509 140
676 489
13 144
745 465
579 189
423 228
32 118
722 500
472 320
526 214
443 280
556 241
861 438
11 84
10 107
636 160
509 162
589 208
534 206
844 569
778 560
69 140
683 372
811 513
760 494
617 215
822 304
76 119
514 222
35 218
7 98
774 524
706 519
719 389
156 142
515 203
62 282
425 312
630 213
8 132
744 255
27 104
807 462
542 280
765 537
646 510
579 192
83 70
618 409
586 178
702 447
597 257
703 179
616 185
546 219
570 242
10 108
580 280
11 125
41 109
599 422
656 533
747 416
563 238
718 450
563 249
724 460
483 147
485 177
585 252
447 213
642 273
804 421
762 471
440 219
792 612
692 405
814 487
775 469
828 460
50 123
721 79
41 149
37 140
514 285
742 449
509 232
617 322
343 312
856 389
565 294
757 458
80 302
70 107
527 174
540 265
692 330
20 123
793 511
96 41
10 94
580 317
483 214
631 177
759 477
817 483
624 143
784 444
143 228
728 366
25 124
783 478
32 171
538 218
706 565
760 358
746 438
791 461
563 226
526 173
713 517
27 49
559 294
450 248
858 546
710 458
521 174
754 421
25 155
562 214
569 210
812 452
67 145
28 137
535 256
840 371
230 325
195 128
620 114
629 550
523 162
645 223
69 221
925 473
534 158
762 392
525 159
560 257
688 472
755 476
519 224
511 38
66 126
702 427
502 296
647 375
804 474
577 276
474 247
766 484
679 327
552 205
76 217
701 509
754 447
490 156
505 213
728 405
442 286
524 263
25 180
611 225
540 201
492 218
519 219
633 476
554 183
821 435
16 178
640 449
777 476
39 241
766 472
697 339
6 60
176 173
581 202
728 449
767 518
697 595
686 75
588 201
506 235
546 275
483 152
46 239
767 473
510 215
589 89
810 446
456 214
641 384
460 176
193 170
767 459
668 628
705 393
780 452
45 333
707 488
551 155
10 130
774 422
698 584
20 115
484 290
105 281
791 524
638 493
715 459
614 177
544 183
351 182
480 209
457 232
559 233
838 337
416 228
750 460
836 453
617 489
54 119
570 214
571 469
47 152
703 466
529 156
765 515
50 169
689 509
771 534
40 129
520 240
728 410
625 179
78 95
93 131
705 201
786 528
513 281
719 484
753 457
486 218
94 186
25 138
739 512
87 69
747 464
544 94
810 328
476 174
753 484
407 135
527 175
809 459
662 406
519 147
226 26
753 426
5 182
45 116
694 442
527 247
509 267
800 513
531 185
766 321
54 180
819 442
517 228
616 249
770 439
761 448
544 219
516 224
803 470
737 520
748 467
657 524
502 281
52 108
57 114
52 119
739 601
552 243
446 226
711 605
773 536
48 164
821 384
20 128
63 112
436 172
644 218
18 19
759 498
10 115
856 437
704 525
450 315
634 166
436 255
548 248
812 469
576 174
775 519
655 216
669 476
687 195
8 121
383 234
606 238
49 21
60 154
593 205
786 547
521 187
495 240
800 350
849 502
755 439
549 123
716 682
556 171
533 246
555 262
578 202
792 520
60 53
714 474
536 167
10 82
160 180
482 23
535 308
729 451
677 493
0 68
515 225
566 103
504 228
60 200
529 175
18 203
745 369
838 480
972 392
516 255
262 80
593 231
332 22
576 199
653 448
755 457
67 324
581 271
616 195
709 390
770 456
510 159
737 481
534 163
602 264
660 362
659 495
13 3
514 217
97 19
540 247
732 471
522 192
31 107
538 303
507 206
609 248
586 223
20 127
42 217
598 174
53 84
20 72
802 543
775 458
598 113
771 375
700 507
854 408
80 172
487 155
642 534
21 128
825 485
486 219
542 748
248 165
742 560
705 513
711 480
92 142
804 485
1 100
109 134
703 393
578 192
555 245
34 137
547 261
692 477
785 362
358 215
5 87
42 112
607 166
458 275
9 158
786 507
596 267
563 267
815 400
597 293
740 562
98 192
527 157
845 361
496 252
788 481
463 210
768 484
723 479
583 171
33 138
750 449
499 267
742 377
687 500
75 77
551 202
84 116
536 140
90 198
880 440
510 246
518 207
506 148
684 485
12 113
27 150
565 228
465 227
697 350
38 47
831 471
88 86
46 131
837 458
423 177
467 149
456 172
598 10
772 588
604 203
794 414
743 396
957 333
525 206
738 418
745 438
684 566
38 197
777 438
811 395
491 219
858 247
765 484
144 73
744 566
10 132
525 219
164 52
641 489
598 167
748 492
723 474
785 469
920 357
569 217
739 425
714 546
96 185
486 282
798 525
533 113
794 454
597 208
473 345
448 45
511 219
550 221
702 453
762 192
592 310
738 456
742 495
535 204
720 539
698 507
482 353
496 258
830 431
794 441
855 738
536 204
754 485
647 231
42 180
25 131
528 128
530 212
605 240
719 444
3 138
529 200
611 44
477 282
83 118
758 463
154 176
689 527
25 123
526 232
566 221
413 244
517 341
789 452
545 253
871 554
620 562
65 35
569 221
29 135
99 149
525 187
87 95
458 259
753 427
463 274
598 216
577 156
517 221
537 130
801 469
613 260
533 211
757 556
14 111
55 65
848 380
380 285
765 485
498 355
878 625
510 212
29 125
710 498
360 226
86 100
215 197
780 479
33 86
460 186
578 132
779 399
641 371
884 414
763 409
713 416
673 406
532 184
539 221
559 324
760 425
493 207
558 226
542 217
554 230
696 500
608 157
702 510
692 581
484 430
1 148
20 49
409 182
466 199
735 462
558 152
805 632
463 255
711 576
558 208
572 240
767 418
854 358
69 194
532 173
746 484
551 145
680 465
736 560
480 175
114 142
752 411
27 99
769 428
821 483
822 479
526 137
438 5
776 469
830 493
779 463
739 506
538 241
534 210
521 132
358 241
763 449
843 458
538 220
730 458
537 334
648 455
886 466
1 117
55 80
708 484
449 171
710 418
67 118
643 478
25 168
349 173
733 453
834 446
736 445
411 220
768 467
419 203
479 184
767 454
668 446
552 190
730 471
537 191
38 171
544 233
455 249
676 507
594 285
27 234
16 35
556 498
512 229
773 491
484 190
721 441
780 378
118 120
585 385
730 474
447 197
450 192
762 692
779 384
12 148
564 135
518 244
87 178
500 323
71 115
796 478
636 208
765 434
398 272
626 219
76 23
499 239
523 191
11 122
22 118
