383 886 1
777 915 0
793 335 0
386 492 0
649 421 0
362 27 0
690 59 0
763 926 0
540 426 0
172 736 0
211 368 0
567 429 0
782 530 0
862 123 0
67 135 0
929 802 0
22 58 0
69 167 0
393 456 0
11 42 0
229 373 0
421 919 0
784 537 0
198 324 0
315 370 0
413 526 0
91 980 0
956 873 0
862 170 0
996 281 0
305 925 0
84 327 0
336 505 0
846 729 0
313 857 0
124 895 0
582 545 0
814 367 0
434 364 0
43 750 0
87 808 0
276 178 0
788 584 0
403 651 0
754 399 0
932 60 0
676 368 0
739 12 0
226 586 0
94 539 0
795 570 0
434 378 0
467 601 0
97 902 0
317 492 0
652 756 0
301 280 0
286 441 0
865 689 0
444 619 0
440 729 0
31 117 0
97 771 0
481 675 0
709 927 0
567 856 0
497 353 0
586 965 0
306 683 0
219 624 0
528 871 0
732 829 0
503 19 0
270 368 0
708 715 0
340 149 0
796 723 0
618 245 0
846 451 0
921 555 0
379 488 0
764 228 0
841 350 0
193 500 0
34 764 0
124 914 0
987 856 0
743 491 0
227 365 0
859 936 0
432 551 0
437 228 0
275 407 0
474 121 0
858 395 0
29 237 0
235 793 0
818 428 0
143 11 0
928 529 0
776 404 0
443 763 0
613 538 0
606 840 0
904 818 0
128 688 0
369 917 0
917 996 0
324 743 0
470 183 0
490 499 0
772 725 0
644 590 0
505 139 0
954 786 0
669 82 0
542 464 0
197 507 0
355 804 0
348 611 0
622 828 0
299 343 0
746 568 0
340 422 0
311 810 0
605 801 0
661 730 0
878 305 0
320 736 0
444 626 0
522 465 0
708 416 0
282 258 0
924 637 0
62 624 0
600 36 0
452 899 0
379 550 0
468 71 0
973 131 0
881 930 0
933 894 0
660 163 0
199 981 0
899 996 0
959 773 0
813 668 0
190 95 0
926 466 0
84 340 0
90 684 0
376 542 0
936 107 0
445 756 0
179 418 0
887 412 0
348 172 0
659 9 0
336 210 0
342 587 0
206 301 0
713 372 0
321 255 0
819 599 0
721 904 0
939 811 0
940 667 0
705 228 0
127 150 0
984 658 0
920 224 0
422 269 0
396 81 0
630 84 0
292 972 0
672 850 0
625 385 0
222 299 0
640 42 0
898 713 0
298 190 0
524 590 0
209 581 0
819 336 0
732 155 0
994 4 0
379 769 0
273 776 0
850 255 0
860 142 0
579 884 0
993 205 0
621 567 0
504 613 0
961 754 0
326 259 0
944 202 0
202 506 0
784 21 0
842 868 0
528 189 0
872 908 0
958 498 0
36 808 0
753 248 0
303 333 0
133 648 0
890 754 0
567 746 0
368 529 0
500 46 0
788 797 0
249 990 0
303 33 0
363 497 0
253 892 0
686 125 0
152 996 0
975 188 0
157 729 0
436 460 0
414 921 0
460 304 0
28 27 0
50 748 0
556 902 0
794 697 0
699 43 0
39 2 0
428 403 0
500 681 0
647 538 0
159 151 0
535 134 0
339 692 0
215 127 0
504 629 0
49 964 0
285 429 0
343 335 0
177 900 0
238 971 0
949 289 0
367 988 0
292 795 0
743 144 0
829 390 0
682 340 0
541 569 0
826 232 0
261 42 0
360 117 0
23 761 0
81 309 0
190 425 0
996 367 0
677 234 0
690 626 0
524 57 0
614 168 0
205 358 0
312 386 0
100 346 0
726 994 0
916 552 0
578 529 0
946 290 0
647 970 0
51 80 0
631 593 0
857 627 0
312 886 0
214 355 0
512 90 0
412 479 0
610 969 0
189 274 0
355 641 0
620 433 0
987 888 0
338 566 0
770 284 0
856 417 0
606 260 0
849 237 0
205 59 0
217 518 0
945 783 0
873 458 0
873 637 0
289 483 0
607 478 0
757 314 0
471 729 0
100 459 0
618 438 0
25 388 0
74 233 0
157 681 0
493 358 0
270 699 0
417 839 0
569 363 0
622 794 0
173 847 0
431 462 0
682 390 0
292 791 0
57 115 0
521 157 0
574 491 0
947 951 0
231 21 0
537 740 0
54 30 0
98 325 0
81 516 0
516 2 0
231 139 0
796 404 0
338 580 0
218 21 0
970 862 0
812 379 0
977 685 0
536 904 0
176 483 0
207 759 0
857 744 0
499 911 0
127 950 0
236 560 0
818 105 0
563 49 0
244 711 0
805 934 0
291 375 0
955 614 0
589 768 0
993 918 0
805 882 0
822 982 0
717 30 0
93 574 0
126 593 0
486 253 0
543 74 0
814 713 0
179 377 0
762 775 0
88 919 0
710 732 0
294 17 0
346 235 0
137 691 0
153 943 0
573 328 0
925 291 0
710 18 0
217 836 0
963 55 0
90 858 0
130 904 0
571 661 0
633 685 0
789 73 0
604 851 0
805 250 0
868 503 0
485 6 0
195 639 0
949 120 0
967 226 0
763 677 0
596 981 0
865 560 0
36 955 0
770 518 0
211 342 0
532 196 0
379 321 0
270 984 0
172 427 0
234 40 0
283 72 0
398 830 0
63 347 0
950 30 0
573 714 0
59 522 0
47 924 0
82 435 0
232 204 0
954 443 0
898 486 0
640 278 0
159 262 0
262 683 0
41 848 0
723 324 0
272 122 0
154 335 0
821 457 0
365 747 0
171 776 0
269 218 0
701 703 0
653 933 0
907 959 0
728 806 0
797 720 0
84 308 0
334 698 0
991 376 0
898 715 0
52 171 0
189 559 0
506 10 0
16 224 0
109 539 0
0 378 0
109 53 0
81 114 0
338 989 0
426 67 0
147 223 0
787 231 0
532 122 0
281 875 0
850 179 0
590 254 0
350 131 0
813 857 0
494 181 0
81 603 0
720 433 0
982 181 0
487 415 0
296 825 0
404 722 0
892 551 0
297 32 0
134 181 0
506 415 0
57 708 0
595 999 0
962 297 0
483 776 0
154 977 0
309 587 0
932 382 0
21 266 0
563 860 0
682 211 0
685 86 0
285 930 0
990 583 0
314 476 0
116 820 0
892 525 0
528 839 0
525 490 0
136 360 0
618 643 0
337 928 0
582 621 0
310 955 0
888 225 0
815 570 0
437 853 0
8 722 0
783 350 0
657 97 0
827 126 0
269 71 0
651 149 0
910 528 0
639 398 0
888 610 0
393 577 0
890 976 0
199 552 0
931 87 0
777 99 0
657 566 0
952 17 0
641 735 0
368 298 0
184 195 0
776 805 0
266 428 0
954 528 0
308 593 0
278 197 0
555 672 0
774 445 0
0 325 0
997 283 0
412 127 0
382 421 0
0 0 0
0 0 0
0 0 0
56 65 0
552 230 0
420 147 0
709 414 0
813 506 0
579 199 0
11 105 0
585 170 0
2 129 0
23 4 0
713 446 0
810 508 0
583 233 0
693 597 0
720 444 0
743 567 0
15 161 0
508 231 0
742 250 0
522 173 0
872 525 0
740 570 0
25 115 0
786 378 0
544 272 0
559 315 0
482 86 0
89 175 0
792 364 0
20 140 0
571 255 0
504 260 0
566 276 0
33 85 0
25 171 0
528 197 0
800 460 0
554 253 0
16 153 0
746 467 0
51 256 0
714 423 0
674 498 0
730 481 0
787 507 0
499 141 0
576 137 0
770 559 0
769 447 0
538 129 0
556 130 0
109 219 0
616 201 0
10 160 0
568 295 0
739 415 0
788 504 0
769 466 0
403 226 0
55 111 0
481 276 0
537 241 0
724 420 0
452 294 0
504 160 0
692 479 0
710 469 0
529 212 0
68 178 0
770 501 0
831 453 0
69 106 0
535 371 0
610 203 0
564 210 0
837 486 0
289 276 0
674 444 0
692 295 0
756 541 0
559 207 0
352 165 0
794 352 0
64 30 0
536 215 0
786 459 0
84 54 0
58 161 0
551 206 0
550 197 0
811 480 0
410 381 0
797 511 0
776 444 0
572 210 0
761 456 0
553 310 0
677 456 0
763 491 0
720 525 0
830 452 0
490 219 0
576 252 0
537 231 0
782 471 0
732 442 0
726 488 0
722 507 0
6 80 0
582 215 0
22 116 0
564 234 0
710 606 0
802 386 0
788 454 0
61 181 0
893 430 0
548 155 0
576 279 0
545 339 0
758 356 0
399 192 0
74 140 0
662 279 0
0 110 0
731 450 0
538 255 0
710 393 0
767 475 0
765 381 0
29 81 0
674 505 0
406 68 0
529 251 0
824 251 0
478 183 0
487 225 0
750 561 0
486 212 0
3 143 0
874 459 0
762 412 0
532 236 0
106 223 0
78 223 0
469 188 0
38 126 0
679 379 0
754 444 0
740 502 0
678 309 0
643 198 0
504 241 0
47 48 0
583 139 0
632 228 0
721 414 0
83 131 0
776 401 0
603 289 0
503 216 0
584 225 0
632 271 0
543 59 0
523 257 0
548 209 0
529 215 0
27 153 0
466 234 0
707 508 0
731 551 0
821 475 0
817 539 0
553 188 0
698 548 0
651 188 0
71 119 0
514 230 0
581 175 0
4 166 0
685 593 0
802 516 0
849 443 0
770 427 0
551 224 0
7 72 0
723 143 0
544 304 0
740 446 0
717 512 0
741 399 0
1 119 0
28 117 0
794 528 0
738 472 0
2 40 0
578 291 0
594 200 0
412 223 0
672 392 0
724 310 0
485 197 0
524 203 0
500 285 0
39 139 0
748 451 0
18 141 0
81 189 0
494 226 0
559 345 0
579 247 0
71 106 0
766 485 0
622 122 0
509 257 0
884 521 0
0 134 0
9 132 0
564 316 0
735 509 0
589 177 0
50 74 0
138 127 0
660 34 0
52 110 0
830 353 0
768 423 0
470 270 0
540 287 0
792 410 0
743 450 0
550 167 0
701 456 0
391 310 0
596 210 0
105 50 0
543 204 0
713 497 0
767 466 0
854 458 0
28 139 0
746 441 0
463 177 0
746 426 0
739 461 0
710 499 0
11 188 0
425 323 0
693 244 0
524 181 0
445 173 0
88 243 0
81 79 0
699 420 0
825 450 0
666 529 0
5 161 0
729 427 0
18 2 0
579 175 0
22 124 0
861 414 0
508 310 0
737 447 0
97 3 0
817 465 0
467 215 0
50 312 0
81 145 0
40 101 0
523 188 0
508 175 0
621 142 0
742 472 0
719 496 0
814 399 0
521 137 0
551 196 0
453 210 0
540 75 0
490 256 0
413 439 0
583 308 0
777 452 0
725 182 0
527 277 0
553 39 0
754 461 0
1 37 0
701 168 0
132 305 0
57 216 0
822 492 0
651 395 0
515 322 0
574 183 0
766 558 0
509 140 0
676 489 0
13 144 0
745 465 0
579 189 0
423 228 0
32 118 0
722 500 0
472 320 0
526 214 0
443 280 0
556 241 0
861 438 0
11 84 0
10 107 0
636 160 0
509 162 0
589 208 0
534 206 0
844 569 0
778 560 0
69 140 0
683 372 0
811 513 0
760 494 0
617 215 0
822 304 0
76 119 0
514 222 0
35 218 0
7 98 0
774 524 0
706 519 0
719 389 0
156 142 0
515 203 0
62 282 0
425 312 0
630 213 0
8 132 0
744 255 0
27 104 0
807 462 0
542 280 0
765 537 0
646 510 0
579 192 0
83 70 0
618 409 0
586 178 0
702 447 0
597 257 0
703 179 0
616 185 0
546 219 0
570 242 0
10 108 0
580 280 0
11 125 0
41 109 0
599 422 0
656 533 0
747 416 0
563 238 0
718 450 0
563 249 0
724 460 0
483 147 0
485 177 0
585 252 0
447 213 0
642 273 0
804 421 0
762 471 0
440 219 0
792 612 0
692 405 0
814 487 0
775 469 0
828 460 0
50 123 0
721 79 0
41 149 0
37 140 0
514 285 0
742 449 0
509 232 0
617 322 0
343 312 0
856 389 0
565 294 0
757 458 0
80 302 0
70 107 0
527 174 0
540 265 0
692 330 0
20 123 0
793 511 0
96 41 0
10 94 0
580 317 0
483 214 0
631 177 0
759 477 0
817 483 0
624 143 0
784 444 0
143 228 0
728 366 0
25 124 0
783 478 0
32 171 0
538 218 0
706 565 0
760 358 0
746 438 0
791 461 0
563 226 0
526 173 0
713 517 0
27 49 0
559 294 0
450 248 0
858 546 0
710 458 0
521 174 0
754 421 0
25 155 0
562 214 0
569 210 0
812 452 0
67 145 0
28 137 0
535 256 0
840 371 0
230 325 0
195 128 0
620 114 0
629 550 0
523 162 0
645 223 0
69 221 0
925 473 0
534 158 0
762 392 0
525 159 0
560 257 0
688 472 0
755 476 0
519 224 0
511 38 0
66 126 0
702 427 0
502 296 0
647 375 0
804 474 0
577 276 0
474 247 0
766 484 0
679 327 0
552 205 0
76 217 0
701 509 0
754 447 0
490 156 0
505 213 0
728 405 0
442 286 0
524 263 0
25 180 0
611 225 0
540 201 0
492 218 0
519 219 0
633 476 0
554 183 0
821 435 0
16 178 0
640 449 0
777 476 0
39 241 0
766 472 0
697 339 0
6 60 0
176 173 0
581 202 0
728 449 0
767 518 0
697 595 0
686 75 0
588 201 0
506 235 0
546 275 0
483 152 0
46 239 0
767 473 0
510 215 0
589 89 0
810 446 0
